position:      17.1195 13.6002 24.662
orientation:   -0.0725465 0.294109 0.326452 0.895358
field_of_view: 0.785398
