position:      11.7043 15.077 11.9236
orientation:   0.0279211 0.510475 0.756669 0.407539
field_of_view: 0.785398
